Version 0.9.7
4
 4 20 178 77 128 0 1
 5 510 16 206 81 2 2
 0 147 107 877 276 8 3
 3 268 35 203 58 140 4
 1
7
 255 5 81 192 81 192 81 134 81 134 200 134 200 134 0 1 0 3
 16711680 5 81 291 81 291 81 355 81 355 200 355 200 355 0 1 0 3
 16711680 5 81 252 81 252 68 252 68 121 200 121 200 121 0 1 0 3
 16711680 5 279 72 279 72 278 72 278 72 278 121 278 121 0 4 0 3
 255 5 683 53 683 53 683 11 479 11 479 79 454 79 0 2 0 4
 16711680 5 525 85 525 85 525 85 525 121 525 121 525 121 0 2 0 3
 255 5 525 27 525 27 525 27 499 27 499 134 499 134 0 2 0 3
0
